78
47
54
206
63
251
71
174
158
30
181
43
49
39
78
101
68
125
166
85
171
136
95
184
219
224
240
139
97
175
252
94
208
250
209
245
194
51
93
229
16
234
155
191
110
252
148
138
40
246
152
233
234
161
6
245
93
219
70
146
104
87
135
119
129
12
137
221
20
224
213
53
34
93
92
7
71
232
231
40
74
20
153
230
23
13
60
99
63
140
159
106
137
227
247
25
246
109
98
45
234
123
170
87
218
84
223
173
109
225
37
170
216
47
13
43
129
73
173
163
60
123
156
86
254
73
146
109
162
53
24
6
21
100
164
73
255
68
108
220
25
90
169
171
25
16
18
118
4
95
